2047,4095,2047,0,2047

2047,3363,4063,3820,2747,1347,274,31,731,2047

2047,2712,3305,3761,4032,4088,3922,3553,3022,2384,1710,1072,541,172,6,62,333,789,1382,2047

2047,2375,2695,2999,3277,3524,3732,3897,4014,4080,4093,4053,3961,3820,3633,3405,3141,2850,2537,2212,1882,1557,1244,953,689,461,274,133,41,1,14,80,197,362,570,817,1095,1399,1719,2047

2047,2210,2371,2531,2687,2840,2987,3129,3264,3391,3509,3618,3718,3806,3884,3950,4004,4046,4075,4091,4094,4084,4062,4026,3979,3919,3847,3763,3669,3565,3451,3328,3197,3059,2914,2764,2610,2451,2291,2128,1966,1803,1643,1484,1330,1180,1035,897,766,643,529,425,331,247,175,115,68,32,10,0,3,19,48,90,144,210,288,376,476,585,703,830,965,1107,1254,1407,1563,1723,1884,2047

2047,2128,2209,2289,2369,2449,2528,2606,2684,2760,2835,2909,2982,3053,3123,3191,3257,3321,3384,3444,3502,3558,3611,3662,3711,3756,3800,3840,3878,3913,3944,3973,3999,4022,4042,4059,4072,4082,4090,4094,4094,4092,4086,4078,4066,4051,4032,4011,3987,3959,3929,3895,3859,3820,3778,3734,3687,3637,3585,3530,3473,3414,3353,3289,3224,3157,3088,3018,2946,2872,2798,2722,2645,2567,2489,2409,2329,2249,2168,2087,2007,1926,1845,1765,1685,1605,1527,1449,1372,1296,1222,1148,1076,1006,937,870,805,741,680,621,564,509,457,407,360,316,274,235,199,165,135,107,83,62,43,28,16,8,2,0,0,4,12,22,35,52,72,95,121,150,181,216,254,294,338,383,432,483,536,592,650,710,773,837,903,971,1041,1112,1185,1259,1334,1410,1488,1566,1645,1725,1805,1885,1966,2047

2047,2087,2128,2168,2208,2248,2288,2328,2368,2408,2448,2487,2526,2566,2604,2643,2682,2720,2758,2795,2833,2870,2907,2943,2979,3015,3050,3085,3120,3154,3188,3221,3254,3286,3318,3349,3380,3411,3440,3470,3498,3527,3554,3581,3608,3633,3659,3683,3707,3730,3753,3775,3796,3817,3837,3856,3875,3892,3909,3926,3942,3956,3971,3984,3997,4009,4020,4030,4040,4049,4057,4064,4071,4076,4081,4086,4089,4091,4093,4094,4094,4094,4092,4090,4087,4084,4079,4074,4068,4061,4053,4044,4035,4025,4014,4003,3991,3977,3964,3949,3934,3918,3901,3884,3865,3846,3827,3807,3786,3764,3742,3719,3695,3671,3646,3621,3594,3568,3540,3513,3484,3455,3426,3395,3365,3334,3302,3270,3237,3204,3171,3137,3103,3068,3033,2997,2961,2925,2888,2851,2814,2777,2739,2701,2662,2624,2585,2546,2507,2467,2428,2388,2348,2308,2268,2228,2188,2148,2107,2067,2027,1987,1946,1906,1866,1826,1786,1746,1706,1666,1627,1587,1548,1509,1470,1432,1393,1355,1317,1280,1243,1206,1169,1133,1097,1061,1026,991,957,923,890,857,824,792,760,729,699,668,639,610,581,554,526,500,473,448,423,399,375,352,330,308,287,267,248,229,210,193,176,160,145,130,117,103,91,80,69,59,50,41,33,26,20,15,10,7,4,2,0,0,0,1,3,5,8,13,18,23,30,37,45,54,64,74,85,97,110,123,138,152,168,185,202,219,238,257,277,298,319,341,364,387,411,435,461,486,513,540,567,596,624,654,683,714,745,776,808,840,873,906,940,974,1009,1044,1079,1115,1151,1187,1224,1261,1299,1336,1374,1412,1451,1490,1528,1568,1607,1646,1686,1726,1766,1806,1846,1886,1926,1966,2007,2047

2047,2067,2087,2107,2128,2148,2168,2188,2208,2228,2248,2268,2288,2308,2328,2348,2368,2388,2408,2427,2447,2467,2486,2506,2526,2545,2565,2584,2604,2623,2642,2661,2681,2700,2719,2738,2757,2776,2794,2813,2832,2850,2869,2887,2905,2924,2942,2960,2978,2996,3014,3031,3049,3066,3084,3101,3118,3135,3152,3169,3186,3203,3219,3236,3252,3268,3284,3300,3316,3332,3348,3363,3378,3394,3409,3424,3439,3453,3468,3482,3497,3511,3525,3539,3552,3566,3579,3593,3606,3619,3632,3644,3657,3669,3681,3693,3705,3717,3729,3740,3751,3762,3773,3784,3794,3805,3815,3825,3835,3845,3854,3864,3873,3882,3891,3899,3908,3916,3924,3932,3940,3948,3955,3962,3969,3976,3983,3989,3996,4002,4008,4013,4019,4024,4029,4034,4039,4043,4048,4052,4056,4060,4063,4067,4070,4073,4076,4078,4081,4083,4085,4087,4089,4090,4091,4092,4093,4094,4094,4094,4094,4094,4094,4093,4093,4092,4091,4089,4088,4086,4084,4082,4080,4077,4074,4072,4068,4065,4062,4058,4054,4050,4046,4041,4037,4032,4027,4021,4016,4010,4005,3999,3992,3986,3979,3973,3966,3959,3951,3944,3936,3928,3920,3912,3904,3895,3886,3877,3868,3859,3850,3840,3830,3820,3810,3800,3789,3779,3768,3757,3746,3734,3723,3711,3699,3687,3675,3663,3650,3638,3625,3612,3599,3586,3573,3559,3545,3532,3518,3504,3489,3475,3461,3446,3431,3416,3401,3386,3371,3355,3340,3324,3308,3292,3276,3260,3244,3228,3211,3194,3178,3161,3144,3127,3110,3092,3075,3058,3040,3022,3005,2987,2969,2951,2933,2915,2896,2878,2860,2841,2822,2804,2785,2766,2747,2728,2709,2690,2671,2652,2633,2613,2594,2575,2555,2535,2516,2496,2477,2457,2437,2417,2398,2378,2358,2338,2318,2298,2278,2258,2238,2218,2198,2178,2158,2138,2117,2097,2077,2057,2037,2017,1997,1977,1956,1936,1916,1896,1876,1856,1836,1816,1796,1776,1756,1736,1716,1696,1677,1657,1637,1617,1598,1578,1559,1539,1519,1500,1481,1461,1442,1423,1404,1385,1366,1347,1328,1309,1290,1272,1253,1234,1216,1198,1179,1161,1143,1125,1107,1089,1072,1054,1036,1019,1002,984,967,950,933,916,900,883,866,850,834,818,802,786,770,754,739,723,708,693,678,663,648,633,619,605,590,576,562,549,535,521,508,495,482,469,456,444,431,419,407,395,383,371,360,348,337,326,315,305,294,284,274,264,254,244,235,226,217,208,199,190,182,174,166,158,150,143,135,128,121,115,108,102,95,89,84,78,73,67,62,57,53,48,44,40,36,32,29,26,22,20,17,14,12,10,8,6,5,3,2,1,1,0,0,0,0,0,0,1,2,3,4,5,7,9,11,13,16,18,21,24,27,31,34,38,42,46,51,55,60,65,70,75,81,86,92,98,105,111,118,125,132,139,146,154,162,170,178,186,195,203,212,221,230,240,249,259,269,279,289,300,310,321,332,343,354,365,377,389,401,413,425,437,450,462,475,488,501,515,528,542,555,569,583,597,612,626,641,655,670,685,700,716,731,746,762,778,794,810,826,842,858,875,891,908,925,942,959,976,993,1010,1028,1045,1063,1080,1098,1116,1134,1152,1170,1189,1207,1225,1244,1262,1281,1300,1318,1337,1356,1375,1394,1413,1433,1452,1471,1490,1510,1529,1549,1568,1588,1608,1627,1647,1667,1686,1706,1726,1746,1766,1786,1806,1826,1846,1866,1886,1906,1926,1946,1966,1987,2007,2027,2047

2047,2057,2067,2077,2087,2097,2107,2117,2127,2137,2148,2158,2168,2178,2188,2198,2208,2218,2228,2238,2248,2258,2268,2278,2288,2298,2308,2318,2328,2338,2348,2358,2368,2377,2387,2397,2407,2417,2427,2437,2447,2457,2466,2476,2486,2496,2506,2516,2525,2535,2545,2555,2564,2574,2584,2594,2603,2613,2623,2632,2642,2651,2661,2671,2680,2690,2699,2709,2718,2728,2737,2747,2756,2766,2775,2784,2794,2803,2813,2822,2831,2840,2850,2859,2868,2877,2887,2896,2905,2914,2923,2932,2941,2950,2959,2968,2977,2986,2995,3004,3013,3022,3031,3039,3048,3057,3066,3074,3083,3092,3100,3109,3118,3126,3135,3143,3152,3160,3169,3177,3185,3194,3202,3210,3219,3227,3235,3243,3251,3259,3268,3276,3284,3292,3300,3308,3315,3323,3331,3339,3347,3355,3362,3370,3378,3385,3393,3400,3408,3415,3423,3430,3438,3445,3452,3460,3467,3474,3481,3489,3496,3503,3510,3517,3524,3531,3538,3545,3551,3558,3565,3572,3578,3585,3592,3598,3605,3611,3618,3624,3631,3637,3643,3650,3656,3662,3668,3674,3680,3686,3692,3698,3704,3710,3716,3722,3728,3733,3739,3745,3750,3756,3761,3767,3772,3778,3783,3788,3794,3799,3804,3809,3814,3819,3824,3829,3834,3839,3844,3849,3854,3858,3863,3868,3872,3877,3881,3886,3890,3894,3899,3903,3907,3911,3916,3920,3924,3928,3932,3936,3939,3943,3947,3951,3954,3958,3962,3965,3969,3972,3975,3979,3982,3985,3989,3992,3995,3998,4001,4004,4007,4010,4013,4015,4018,4021,4024,4026,4029,4031,4034,4036,4038,4041,4043,4045,4047,4050,4052,4054,4056,4058,4059,4061,4063,4065,4066,4068,4070,4071,4073,4074,4076,4077,4078,4079,4081,4082,4083,4084,4085,4086,4087,4088,4088,4089,4090,4090,4091,4092,4092,4093,4093,4093,4094,4094,4094,4094,4094,4094,4094,4094,4094,4094,4094,4094,4094,4093,4093,4092,4092,4091,4091,4090,4089,4089,4088,4087,4086,4085,4084,4083,4082,4081,4080,4079,4077,4076,4075,4073,4072,4070,4069,4067,4066,4064,4062,4060,4058,4057,4055,4053,4051,4048,4046,4044,4042,4040,4037,4035,4032,4030,4027,4025,4022,4020,4017,4014,4011,4008,4005,4003,4000,3996,3993,3990,3987,3984,3980,3977,3974,3970,3967,3963,3960,3956,3953,3949,3945,3941,3937,3934,3930,3926,3922,3918,3913,3909,3905,3901,3897,3892,3888,3883,3879,3874,3870,3865,3861,3856,3851,3846,3842,3837,3832,3827,3822,3817,3812,3807,3801,3796,3791,3786,3780,3775,3770,3764,3759,3753,3748,3742,3736,3731,3725,3719,3713,3707,3701,3695,3689,3683,3677,3671,3665,3659,3653,3646,3640,3634,3627,3621,3615,3608,3602,3595,3588,3582,3575,3568,3562,3555,3548,3541,3534,3527,3520,3513,3506,3499,3492,3485,3478,3471,3463,3456,3449,3441,3434,3427,3419,3412,3404,3397,3389,3381,3374,3366,3358,3351,3343,3335,3327,3319,3311,3304,3296,3288,3280,3272,3263,3255,3247,3239,3231,3223,3214,3206,3198,3189,3181,3173,3164,3156,3147,3139,3130,3122,3113,3105,3096,3087,3079,3070,3061,3053,3044,3035,3026,3017,3008,3000,2991,2982,2973,2964,2955,2946,2937,2928,2919,2909,2900,2891,2882,2873,2864,2854,2845,2836,2826,2817,2808,2798,2789,2780,2770,2761,2751,2742,2733,2723,2714,2704,2695,2685,2675,2666,2656,2647,2637,2627,2618,2608,2598,2589,2579,2569,2560,2550,2540,2530,2520,2511,2501,2491,2481,2471,2462,2452,2442,2432,2422,2412,2402,2392,2382,2373,2363,2353,2343,2333,2323,2313,2303,2293,2283,2273,2263,2253,2243,2233,2223,2213,2203,2193,2183,2173,2163,2153,2143,2132,2122,2112,2102,2092,2082,2072,2062,2052,2042,2032,2022,2012,2002,1992,1982,1972,1962,1951,1941,1931,1921,1911,1901,1891,1881,1871,1861,1851,1841,1831,1821,1811,1801,1791,1781,1771,1761,1751,1741,1731,1721,1712,1702,1692,1682,1672,1662,1652,1642,1632,1623,1613,1603,1593,1583,1574,1564,1554,1544,1534,1525,1515,1505,1496,1486,1476,1467,1457,1447,1438,1428,1419,1409,1399,1390,1380,1371,1361,1352,1343,1333,1324,1314,1305,1296,1286,1277,1268,1258,1249,1240,1230,1221,1212,1203,1194,1185,1175,1166,1157,1148,1139,1130,1121,1112,1103,1094,1086,1077,1068,1059,1050,1041,1033,1024,1015,1007,998,989,981,972,964,955,947,938,930,921,913,905,896,888,880,871,863,855,847,839,831,822,814,806,798,790,783,775,767,759,751,743,736,728,720,713,705,697,690,682,675,667,660,653,645,638,631,623,616,609,602,595,588,581,574,567,560,553,546,539,532,526,519,512,506,499,492,486,479,473,467,460,454,448,441,435,429,423,417,411,405,399,393,387,381,375,369,363,358,352,346,341,335,330,324,319,314,308,303,298,293,287,282,277,272,267,262,257,252,248,243,238,233,229,224,220,215,211,206,202,197,193,189,185,181,176,172,168,164,160,157,153,149,145,141,138,134,131,127,124,120,117,114,110,107,104,101,98,94,91,89,86,83,80,77,74,72,69,67,64,62,59,57,54,52,50,48,46,43,41,39,37,36,34,32,30,28,27,25,24,22,21,19,18,17,15,14,13,12,11,10,9,8,7,6,5,5,4,3,3,2,2,1,1,0,0,0,0,0,0,0,0,0,0,0,0,0,1,1,1,2,2,3,4,4,5,6,6,7,8,9,10,11,12,13,15,16,17,18,20,21,23,24,26,28,29,31,33,35,36,38,40,42,44,47,49,51,53,56,58,60,63,65,68,70,73,76,79,81,84,87,90,93,96,99,102,105,109,112,115,119,122,125,129,132,136,140,143,147,151,155,158,162,166,170,174,178,183,187,191,195,200,204,208,213,217,222,226,231,236,240,245,250,255,260,265,270,275,280,285,290,295,300,306,311,316,322,327,333,338,344,349,355,361,366,372,378,384,390,396,402,408,414,420,426,432,438,444,451,457,463,470,476,483,489,496,502,509,516,522,529,536,543,549,556,563,570,577,584,591,598,605,613,620,627,634,642,649,656,664,671,679,686,694,701,709,716,724,732,739,747,755,763,771,779,786,794,802,810,818,826,835,843,851,859,867,875,884,892,900,909,917,925,934,942,951,959,968,976,985,994,1002,1011,1020,1028,1037,1046,1055,1063,1072,1081,1090,1099,1108,1117,1126,1135,1144,1153,1162,1171,1180,1189,1198,1207,1217,1226,1235,1244,1254,1263,1272,1281,1291,1300,1310,1319,1328,1338,1347,1357,1366,1376,1385,1395,1404,1414,1423,1433,1443,1452,1462,1471,1481,1491,1500,1510,1520,1530,1539,1549,1559,1569,1578,1588,1598,1608,1618,1628,1637,1647,1657,1667,1677,1687,1697,1707,1717,1726,1736,1746,1756,1766,1776,1786,1796,1806,1816,1826,1836,1846,1856,1866,1876,1886,1896,1906,1916,1926,1936,1946,1957,1967,1977,1987,1997,2007,2017,2027,2037,2047

2047,2147,2248,2347,2446,2545,2641,2737,2831,2922,3012,3100,3185,3267,3346,3422,3495,3564,3630,3692,3749,3803,3853,3898,3939,3975,4006,4033,4055,4072,4085,4092,4095,4092,4085,4072,4055,4033,4006,3975,3939,3898,3853,3803,3749,3692,3630,3564,3495,3422,3346,3267,3185,3100,3012,2922,2831,2737,2641,2545,2446,2347,2248,2147,2047,1947,1846,1747,1648,1549,1453,1357,1263,1172,1082,994,909,827,748,672,599,530,464,402,345,291,241,196,155,119,88,61,39,22,9,2,0,2,9,22,39,61,88,119,155,196,241,291,345,402,464,530,599,672,748,827,909,994,1082,1172,1263,1357,1453,1549,1648,1747,1846,1947,2047

2047,2049,2050,2052,2053,2055,2057,2058,2060,2061,2063,2065,2066,2068,2070,2071,2073,2074,2076,2078,2079,2081,2082,2084,2086,2087,2089,2090,2092,2094,2095,2097,2098,2100,2102,2103,2105,2106,2108,2110,2111,2113,2115,2116,2118,2119,2121,2123,2124,2126,2127,2129,2131,2132,2134,2135,2137,2139,2140,2142,2143,2145,2147,2148,2150,2151,2153,2155,2156,2158,2160,2161,2163,2164,2166,2168,2169,2171,2172,2174,2176,2177,2179,2180,2182,2184,2185,2187,2188,2190,2192,2193,2195,2196,2198,2200,2201,2203,2204,2206,2208,2209,2211,2212,2214,2216,2217,2219,2220,2222,2224,2225,2227,2228,2230,2232,2233,2235,2236,2238,2240,2241,2243,2244,2246,2248,2249,2251,2252,2254,2256,2257,2259,2260,2262,2264,2265,2267,2268,2270,2272,2273,2275,2276,2278,2280,2281,2283,2284,2286,2288,2289,2291,2292,2294,2296,2297,2299,2300,2302,2304,2305,2307,2308,2310,2312,2313,2315,2316,2318,2320,2321,2323,2324,2326,2328,2329,2331,2332,2334,2335,2337,2339,2340,2342,2343,2345,2347,2348,2350,2351,2353,2355,2356,2358,2359,2361,2363,2364,2366,2367,2369,2370,2372,2374,2375,2377,2378,2380,2382,2383,2385,2386,2388,2390,2391,2393,2394,2396,2397,2399,2401,2402,2404,2405,2407,2409,2410,2412,2413,2415,2416,2418,2420,2421,2423,2424,2426,2428,2429,2431,2432,2434,2435,2437,2439,2440,2442,2443,2445,2446,2448,2450,2451,2453,2454,2456,2457,2459,2461,2462,2464,2465,2467,2469,2470,2472,2473,2475,2476,2478,2480,2481,2483,2484,2486,2487,2489,2491,2492,2494,2495,2497,2498,2500,2501,2503,2505,2506,2508,2509,2511,2512,2514,2516,2517,2519,2520,2522,2523,2525,2527,2528,2530,2531,2533,2534,2536,2537,2539,2541,2542,2544,2545,2547,2548,2550,2552,2553,2555,2556,2558,2559,2561,2562,2564,2566,2567,2569,2570,2572,2573,2575,2576,2578,2580,2581,2583,2584,2586,2587,2589,2590,2592,2593,2595,2597,2598,2600,2601,2603,2604,2606,2607,2609,2611,2612,2614,2615,2617,2618,2620,2621,2623,2624,2626,2627,2629,2631,2632,2634,2635,2637,2638,2640,2641,2643,2644,2646,2648,2649,2651,2652,2654,2655,2657,2658,2660,2661,2663,2664,2666,2667,2669,2671,2672,2674,2675,2677,2678,2680,2681,2683,2684,2686,2687,2689,2690,2692,2693,2695,2697,2698,2700,2701,2703,2704,2706,2707,2709,2710,2712,2713,2715,2716,2718,2719,2721,2722,2724,2725,2727,2728,2730,2731,2733,2735,2736,2738,2739,2741,2742,2744,2745,2747,2748,2750,2751,2753,2754,2756,2757,2759,2760,2762,2763,2765,2766,2768,2769,2771,2772,2774,2775,2777,2778,2780,2781,2783,2784,2786,2787,2789,2790,2792,2793,2795,2796,2798,2799,2801,2802,2804,2805,2807,2808,2810,2811,2813,2814,2816,2817,2819,2820,2822,2823,2825,2826,2828,2829,2831,2832,2834,2835,2836,2838,2839,2841,2842,2844,2845,2847,2848,2850,2851,2853,2854,2856,2857,2859,2860,2862,2863,2865,2866,2868,2869,2870,2872,2873,2875,2876,2878,2879,2881,2882,2884,2885,2887,2888,2890,2891,2893,2894,2895,2897,2898,2900,2901,2903,2904,2906,2907,2909,2910,2912,2913,2914,2916,2917,2919,2920,2922,2923,2925,2926,2928,2929,2930,2932,2933,2935,2936,2938,2939,2941,2942,2943,2945,2946,2948,2949,2951,2952,2954,2955,2956,2958,2959,2961,2962,2964,2965,2967,2968,2969,2971,2972,2974,2975,2977,2978,2979,2981,2982,2984,2985,2987,2988,2989,2991,2992,2994,2995,2997,2998,2999,3001,3002,3004,3005,3007,3008,3009,3011,3012,3014,3015,3016,3018,3019,3021,3022,3024,3025,3026,3028,3029,3031,3032,3033,3035,3036,3038,3039,3040,3042,3043,3045,3046,3047,3049,3050,3052,3053,3054,3056,3057,3059,3060,3061,3063,3064,3066,3067,3068,3070,3071,3073,3074,3075,3077,3078,3080,3081,3082,3084,3085,3086,3088,3089,3091,3092,3093,3095,3096,3098,3099,3100,3102,3103,3104,3106,3107,3109,3110,3111,3113,3114,3115,3117,3118,3120,3121,3122,3124,3125,3126,3128,3129,3130,3132,3133,3135,3136,3137,3139,3140,3141,3143,3144,3145,3147,3148,3150,3151,3152,3154,3155,3156,3158,3159,3160,3162,3163,3164,3166,3167,3168,3170,3171,3172,3174,3175,3176,3178,3179,3181,3182,3183,3185,3186,3187,3189,3190,3191,3193,3194,3195,3197,3198,3199,3201,3202,3203,3205,3206,3207,3208,3210,3211,3212,3214,3215,3216,3218,3219,3220,3222,3223,3224,3226,3227,3228,3230,3231,3232,3234,3235,3236,3237,3239,3240,3241,3243,3244,3245,3247,3248,3249,3250,3252,3253,3254,3256,3257,3258,3260,3261,3262,3263,3265,3266,3267,3269,3270,3271,3272,3274,3275,3276,3278,3279,3280,3281,3283,3284,3285,3287,3288,3289,3290,3292,3293,3294,3296,3297,3298,3299,3301,3302,3303,3304,3306,3307,3308,3310,3311,3312,3313,3315,3316,3317,3318,3320,3321,3322,3323,3325,3326,3327,3328,3330,3331,3332,3333,3335,3336,3337,3338,3340,3341,3342,3343,3345,3346,3347,3348,3350,3351,3352,3353,3355,3356,3357,3358,3360,3361,3362,3363,3364,3366,3367,3368,3369,3371,3372,3373,3374,3376,3377,3378,3379,3380,3382,3383,3384,3385,3387,3388,3389,3390,3391,3393,3394,3395,3396,3397,3399,3400,3401,3402,3403,3405,3406,3407,3408,3409,3411,3412,3413,3414,3415,3417,3418,3419,3420,3421,3423,3424,3425,3426,3427,3429,3430,3431,3432,3433,3434,3436,3437,3438,3439,3440,3442,3443,3444,3445,3446,3447,3449,3450,3451,3452,3453,3454,3456,3457,3458,3459,3460,3461,3463,3464,3465,3466,3467,3468,3470,3471,3472,3473,3474,3475,3476,3478,3479,3480,3481,3482,3483,3485,3486,3487,3488,3489,3490,3491,3493,3494,3495,3496,3497,3498,3499,3500,3502,3503,3504,3505,3506,3507,3508,3510,3511,3512,3513,3514,3515,3516,3517,3518,3520,3521,3522,3523,3524,3525,3526,3527,3529,3530,3531,3532,3533,3534,3535,3536,3537,3538,3540,3541,3542,3543,3544,3545,3546,3547,3548,3549,3551,3552,3553,3554,3555,3556,3557,3558,3559,3560,3561,3562,3564,3565,3566,3567,3568,3569,3570,3571,3572,3573,3574,3575,3576,3578,3579,3580,3581,3582,3583,3584,3585,3586,3587,3588,3589,3590,3591,3592,3593,3594,3596,3597,3598,3599,3600,3601,3602,3603,3604,3605,3606,3607,3608,3609,3610,3611,3612,3613,3614,3615,3616,3617,3618,3619,3621,3622,3623,3624,3625,3626,3627,3628,3629,3630,3631,3632,3633,3634,3635,3636,3637,3638,3639,3640,3641,3642,3643,3644,3645,3646,3647,3648,3649,3650,3651,3652,3653,3654,3655,3656,3657,3658,3659,3660,3661,3662,3663,3664,3665,3666,3667,3668,3669,3670,3671,3672,3673,3674,3675,3676,3677,3678,3679,3680,3680,3681,3682,3683,3684,3685,3686,3687,3688,3689,3690,3691,3692,3693,3694,3695,3696,3697,3698,3699,3700,3701,3702,3703,3703,3704,3705,3706,3707,3708,3709,3710,3711,3712,3713,3714,3715,3716,3717,3718,3718,3719,3720,3721,3722,3723,3724,3725,3726,3727,3728,3729,3730,3730,3731,3732,3733,3734,3735,3736,3737,3738,3739,3740,3740,3741,3742,3743,3744,3745,3746,3747,3748,3749,3749,3750,3751,3752,3753,3754,3755,3756,3757,3757,3758,3759,3760,3761,3762,3763,3764,3764,3765,3766,3767,3768,3769,3770,3771,3771,3772,3773,3774,3775,3776,3777,3777,3778,3779,3780,3781,3782,3783,3783,3784,3785,3786,3787,3788,3789,3789,3790,3791,3792,3793,3794,3794,3795,3796,3797,3798,3799,3799,3800,3801,3802,3803,3804,3804,3805,3806,3807,3808,3809,3809,3810,3811,3812,3813,3813,3814,3815,3816,3817,3818,3818,3819,3820,3821,3822,3822,3823,3824,3825,3826,3826,3827,3828,3829,3829,3830,3831,3832,3833,3833,3834,3835,3836,3837,3837,3838,3839,3840,3840,3841,3842,3843,3844,3844,3845,3846,3847,3847,3848,3849,3850,3850,3851,3852,3853,3853,3854,3855,3856,3857,3857,3858,3859,3860,3860,3861,3862,3862,3863,3864,3865,3865,3866,3867,3868,3868,3869,3870,3871,3871,3872,3873,3874,3874,3875,3876,3876,3877,3878,3879,3879,3880,3881,3881,3882,3883,3884,3884,3885,3886,3886,3887,3888,3889,3889,3890,3891,3891,3892,3893,3893,3894,3895,3896,3896,3897,3898,3898,3899,3900,3900,3901,3902,3902,3903,3904,3904,3905,3906,3906,3907,3908,3908,3909,3910,3910,3911,3912,3912,3913,3914,3914,3915,3916,3916,3917,3918,3918,3919,3920,3920,3921,3922,3922,3923,3924,3924,3925,3925,3926,3927,3927,3928,3929,3929,3930,3931,3931,3932,3932,3933,3934,3934,3935,3936,3936,3937,3937,3938,3939,3939,3940,3940,3941,3942,3942,3943,3944,3944,3945,3945,3946,3947,3947,3948,3948,3949,3950,3950,3951,3951,3952,3952,3953,3954,3954,3955,3955,3956,3957,3957,3958,3958,3959,3959,3960,3961,3961,3962,3962,3963,3963,3964,3965,3965,3966,3966,3967,3967,3968,3969,3969,3970,3970,3971,3971,3972,3972,3973,3973,3974,3975,3975,3976,3976,3977,3977,3978,3978,3979,3979,3980,3980,3981,3981,3982,3983,3983,3984,3984,3985,3985,3986,3986,3987,3987,3988,3988,3989,3989,3990,3990,3991,3991,3992,3992,3993,3993,3994,3994,3995,3995,3996,3996,3997,3997,3998,3998,3999,3999,4000,4000,4001,4001,4002,4002,4003,4003,4004,4004,4004,4005,4005,4006,4006,4007,4007,4008,4008,4009,4009,4010,4010,4010,4011,4011,4012,4012,4013,4013,4014,4014,4015,4015,4015,4016,4016,4017,4017,4018,4018,4018,4019,4019,4020,4020,4021,4021,4022,4022,4022,4023,4023,4024,4024,4024,4025,4025,4026,4026,4027,4027,4027,4028,4028,4029,4029,4029,4030,4030,4031,4031,4031,4032,4032,4033,4033,4033,4034,4034,4034,4035,4035,4036,4036,4036,4037,4037,4038,4038,4038,4039,4039,4039,4040,4040,4041,4041,4041,4042,4042,4042,4043,4043,4043,4044,4044,4044,4045,4045,4046,4046,4046,4047,4047,4047,4048,4048,4048,4049,4049,4049,4050,4050,4050,4051,4051,4051,4052,4052,4052,4053,4053,4053,4054,4054,4054,4055,4055,4055,4055,4056,4056,4056,4057,4057,4057,4058,4058,4058,4059,4059,4059,4059,4060,4060,4060,4061,4061,4061,4061,4062,4062,4062,4063,4063,4063,4063,4064,4064,4064,4065,4065,4065,4065,4066,4066,4066,4066,4067,4067,4067,4068,4068,4068,4068,4069,4069,4069,4069,4070,4070,4070,4070,4071,4071,4071,4071,4072,4072,4072,4072,4072,4073,4073,4073,4073,4074,4074,4074,4074,4075,4075,4075,4075,4075,4076,4076,4076,4076,4076,4077,4077,4077,4077,4078,4078,4078,4078,4078,4079,4079,4079,4079,4079,4080,4080,4080,4080,4080,4080,4081,4081,4081,4081,4081,4082,4082,4082,4082,4082,4082,4083,4083,4083,4083,4083,4084,4084,4084,4084,4084,4084,4084,4085,4085,4085,4085,4085,4085,4086,4086,4086,4086,4086,4086,4086,4087,4087,4087,4087,4087,4087,4087,4088,4088,4088,4088,4088,4088,4088,4088,4089,4089,4089,4089,4089,4089,4089,4089,4089,4090,4090,4090,4090,4090,4090,4090,4090,4090,4091,4091,4091,4091,4091,4091,4091,4091,4091,4091,4091,4092,4092,4092,4092,4092,4092,4092,4092,4092,4092,4092,4092,4093,4093,4093,4093,4093,4093,4093,4093,4093,4093,4093,4093,4093,4093,4093,4093,4093,4094,4094,4094,4094,4094,4094,4094,4094,4094,4094,4094,4094,4094,4094,4094,4094,4094,4094,4094,4094,4094,4094,4094,4094,4094,4094,4094,4094,4094,4094,4094,4094,4094,4094,4094,4094,4094,4094,4094,4095,4094,4094,4094,4094,4094,4094,4094,4094,4094,4094,4094,4094,4094,4094,4094,4094,4094,4094,4094,4094,4094,4094,4094,4094,4094,4094,4094,4094,4094,4094,4094,4094,4094,4094,4094,4094,4094,4094,4094,4093,4093,4093,4093,4093,4093,4093,4093,4093,4093,4093,4093,4093,4093,4093,4093,4093,4092,4092,4092,4092,4092,4092,4092,4092,4092,4092,4092,4092,4091,4091,4091,4091,4091,4091,4091,4091,4091,4091,4091,4090,4090,4090,4090,4090,4090,4090,4090,4090,4089,4089,4089,4089,4089,4089,4089,4089,4089,4088,4088,4088,4088,4088,4088,4088,4088,4087,4087,4087,4087,4087,4087,4087,4086,4086,4086,4086,4086,4086,4086,4085,4085,4085,4085,4085,4085,4084,4084,4084,4084,4084,4084,4084,4083,4083,4083,4083,4083,4082,4082,4082,4082,4082,4082,4081,4081,4081,4081,4081,4080,4080,4080,4080,4080,4080,4079,4079,4079,4079,4079,4078,4078,4078,4078,4078,4077,4077,4077,4077,4076,4076,4076,4076,4076,4075,4075,4075,4075,4075,4074,4074,4074,4074,4073,4073,4073,4073,4072,4072,4072,4072,4072,4071,4071,4071,4071,4070,4070,4070,4070,4069,4069,4069,4069,4068,4068,4068,4068,4067,4067,4067,4066,4066,4066,4066,4065,4065,4065,4065,4064,4064,4064,4063,4063,4063,4063,4062,4062,4062,4061,4061,4061,4061,4060,4060,4060,4059,4059,4059,4059,4058,4058,4058,4057,4057,4057,4056,4056,4056,4055,4055,4055,4055,4054,4054,4054,4053,4053,4053,4052,4052,4052,4051,4051,4051,4050,4050,4050,4049,4049,4049,4048,4048,4048,4047,4047,4047,4046,4046,4046,4045,4045,4044,4044,4044,4043,4043,4043,4042,4042,4042,4041,4041,4041,4040,4040,4039,4039,4039,4038,4038,4038,4037,4037,4036,4036,4036,4035,4035,4034,4034,4034,4033,4033,4033,4032,4032,4031,4031,4031,4030,4030,4029,4029,4029,4028,4028,4027,4027,4027,4026,4026,4025,4025,4024,4024,4024,4023,4023,4022,4022,4022,4021,4021,4020,4020,4019,4019,4018,4018,4018,4017,4017,4016,4016,4015,4015,4015,4014,4014,4013,4013,4012,4012,4011,4011,4010,4010,4010,4009,4009,4008,4008,4007,4007,4006,4006,4005,4005,4004,4004,4004,4003,4003,4002,4002,4001,4001,4000,4000,3999,3999,3998,3998,3997,3997,3996,3996,3995,3995,3994,3994,3993,3993,3992,3992,3991,3991,3990,3990,3989,3989,3988,3988,3987,3987,3986,3986,3985,3985,3984,3984,3983,3983,3982,3981,3981,3980,3980,3979,3979,3978,3978,3977,3977,3976,3976,3975,3975,3974,3973,3973,3972,3972,3971,3971,3970,3970,3969,3969,3968,3967,3967,3966,3966,3965,3965,3964,3963,3963,3962,3962,3961,3961,3960,3959,3959,3958,3958,3957,3957,3956,3955,3955,3954,3954,3953,3952,3952,3951,3951,3950,3950,3949,3948,3948,3947,3947,3946,3945,3945,3944,3944,3943,3942,3942,3941,3940,3940,3939,3939,3938,3937,3937,3936,3936,3935,3934,3934,3933,3932,3932,3931,3931,3930,3929,3929,3928,3927,3927,3926,3925,3925,3924,3924,3923,3922,3922,3921,3920,3920,3919,3918,3918,3917,3916,3916,3915,3914,3914,3913,3912,3912,3911,3910,3910,3909,3908,3908,3907,3906,3906,3905,3904,3904,3903,3902,3902,3901,3900,3900,3899,3898,3898,3897,3896,3896,3895,3894,3893,3893,3892,3891,3891,3890,3889,3889,3888,3887,3886,3886,3885,3884,3884,3883,3882,3881,3881,3880,3879,3879,3878,3877,3876,3876,3875,3874,3874,3873,3872,3871,3871,3870,3869,3868,3868,3867,3866,3865,3865,3864,3863,3862,3862,3861,3860,3860,3859,3858,3857,3857,3856,3855,3854,3853,3853,3852,3851,3850,3850,3849,3848,3847,3847,3846,3845,3844,3844,3843,3842,3841,3840,3840,3839,3838,3837,3837,3836,3835,3834,3833,3833,3832,3831,3830,3829,3829,3828,3827,3826,3826,3825,3824,3823,3822,3822,3821,3820,3819,3818,3818,3817,3816,3815,3814,3813,3813,3812,3811,3810,3809,3809,3808,3807,3806,3805,3804,3804,3803,3802,3801,3800,3799,3799,3798,3797,3796,3795,3794,3794,3793,3792,3791,3790,3789,3789,3788,3787,3786,3785,3784,3783,3783,3782,3781,3780,3779,3778,3777,3777,3776,3775,3774,3773,3772,3771,3771,3770,3769,3768,3767,3766,3765,3764,3764,3763,3762,3761,3760,3759,3758,3757,3757,3756,3755,3754,3753,3752,3751,3750,3749,3749,3748,3747,3746,3745,3744,3743,3742,3741,3740,3740,3739,3738,3737,3736,3735,3734,3733,3732,3731,3730,3730,3729,3728,3727,3726,3725,3724,3723,3722,3721,3720,3719,3718,3718,3717,3716,3715,3714,3713,3712,3711,3710,3709,3708,3707,3706,3705,3704,3703,3703,3702,3701,3700,3699,3698,3697,3696,3695,3694,3693,3692,3691,3690,3689,3688,3687,3686,3685,3684,3683,3682,3681,3680,3680,3679,3678,3677,3676,3675,3674,3673,3672,3671,3670,3669,3668,3667,3666,3665,3664,3663,3662,3661,3660,3659,3658,3657,3656,3655,3654,3653,3652,3651,3650,3649,3648,3647,3646,3645,3644,3643,3642,3641,3640,3639,3638,3637,3636,3635,3634,3633,3632,3631,3630,3629,3628,3627,3626,3625,3624,3623,3622,3621,3619,3618,3617,3616,3615,3614,3613,3612,3611,3610,3609,3608,3607,3606,3605,3604,3603,3602,3601,3600,3599,3598,3597,3596,3594,3593,3592,3591,3590,3589,3588,3587,3586,3585,3584,3583,3582,3581,3580,3579,3578,3576,3575,3574,3573,3572,3571,3570,3569,3568,3567,3566,3565,3564,3562,3561,3560,3559,3558,3557,3556,3555,3554,3553,3552,3551,3549,3548,3547,3546,3545,3544,3543,3542,3541,3540,3538,3537,3536,3535,3534,3533,3532,3531,3530,3529,3527,3526,3525,3524,3523,3522,3521,3520,3518,3517,3516,3515,3514,3513,3512,3511,3510,3508,3507,3506,3505,3504,3503,3502,3500,3499,3498,3497,3496,3495,3494,3493,3491,3490,3489,3488,3487,3486,3485,3483,3482,3481,3480,3479,3478,3476,3475,3474,3473,3472,3471,3470,3468,3467,3466,3465,3464,3463,3461,3460,3459,3458,3457,3456,3454,3453,3452,3451,3450,3449,3447,3446,3445,3444,3443,3442,3440,3439,3438,3437,3436,3434,3433,3432,3431,3430,3429,3427,3426,3425,3424,3423,3421,3420,3419,3418,3417,3415,3414,3413,3412,3411,3409,3408,3407,3406,3405,3403,3402,3401,3400,3399,3397,3396,3395,3394,3393,3391,3390,3389,3388,3387,3385,3384,3383,3382,3380,3379,3378,3377,3376,3374,3373,3372,3371,3369,3368,3367,3366,3364,3363,3362,3361,3360,3358,3357,3356,3355,3353,3352,3351,3350,3348,3347,3346,3345,3343,3342,3341,3340,3338,3337,3336,3335,3333,3332,3331,3330,3328,3327,3326,3325,3323,3322,3321,3320,3318,3317,3316,3315,3313,3312,3311,3310,3308,3307,3306,3304,3303,3302,3301,3299,3298,3297,3296,3294,3293,3292,3290,3289,3288,3287,3285,3284,3283,3281,3280,3279,3278,3276,3275,3274,3272,3271,3270,3269,3267,3266,3265,3263,3262,3261,3260,3258,3257,3256,3254,3253,3252,3250,3249,3248,3247,3245,3244,3243,3241,3240,3239,3237,3236,3235,3234,3232,3231,3230,3228,3227,3226,3224,3223,3222,3220,3219,3218,3216,3215,3214,3212,3211,3210,3208,3207,3206,3205,3203,3202,3201,3199,3198,3197,3195,3194,3193,3191,3190,3189,3187,3186,3185,3183,3182,3181,3179,3178,3176,3175,3174,3172,3171,3170,3168,3167,3166,3164,3163,3162,3160,3159,3158,3156,3155,3154,3152,3151,3150,3148,3147,3145,3144,3143,3141,3140,3139,3137,3136,3135,3133,3132,3130,3129,3128,3126,3125,3124,3122,3121,3120,3118,3117,3115,3114,3113,3111,3110,3109,3107,3106,3104,3103,3102,3100,3099,3098,3096,3095,3093,3092,3091,3089,3088,3086,3085,3084,3082,3081,3080,3078,3077,3075,3074,3073,3071,3070,3068,3067,3066,3064,3063,3061,3060,3059,3057,3056,3054,3053,3052,3050,3049,3047,3046,3045,3043,3042,3040,3039,3038,3036,3035,3033,3032,3031,3029,3028,3026,3025,3024,3022,3021,3019,3018,3016,3015,3014,3012,3011,3009,3008,3007,3005,3004,3002,3001,2999,2998,2997,2995,2994,2992,2991,2989,2988,2987,2985,2984,2982,2981,2979,2978,2977,2975,2974,2972,2971,2969,2968,2967,2965,2964,2962,2961,2959,2958,2956,2955,2954,2952,2951,2949,2948,2946,2945,2943,2942,2941,2939,2938,2936,2935,2933,2932,2930,2929,2928,2926,2925,2923,2922,2920,2919,2917,2916,2914,2913,2912,2910,2909,2907,2906,2904,2903,2901,2900,2898,2897,2895,2894,2893,2891,2890,2888,2887,2885,2884,2882,2881,2879,2878,2876,2875,2873,2872,2870,2869,2868,2866,2865,2863,2862,2860,2859,2857,2856,2854,2853,2851,2850,2848,2847,2845,2844,2842,2841,2839,2838,2836,2835,2834,2832,2831,2829,2828,2826,2825,2823,2822,2820,2819,2817,2816,2814,2813,2811,2810,2808,2807,2805,2804,2802,2801,2799,2798,2796,2795,2793,2792,2790,2789,2787,2786,2784,2783,2781,2780,2778,2777,2775,2774,2772,2771,2769,2768,2766,2765,2763,2762,2760,2759,2757,2756,2754,2753,2751,2750,2748,2747,2745,2744,2742,2741,2739,2738,2736,2735,2733,2731,2730,2728,2727,2725,2724,2722,2721,2719,2718,2716,2715,2713,2712,2710,2709,2707,2706,2704,2703,2701,2700,2698,2697,2695,2693,2692,2690,2689,2687,2686,2684,2683,2681,2680,2678,2677,2675,2674,2672,2671,2669,2667,2666,2664,2663,2661,2660,2658,2657,2655,2654,2652,2651,2649,2648,2646,2644,2643,2641,2640,2638,2637,2635,2634,2632,2631,2629,2627,2626,2624,2623,2621,2620,2618,2617,2615,2614,2612,2611,2609,2607,2606,2604,2603,2601,2600,2598,2597,2595,2593,2592,2590,2589,2587,2586,2584,2583,2581,2580,2578,2576,2575,2573,2572,2570,2569,2567,2566,2564,2562,2561,2559,2558,2556,2555,2553,2552,2550,2548,2547,2545,2544,2542,2541,2539,2537,2536,2534,2533,2531,2530,2528,2527,2525,2523,2522,2520,2519,2517,2516,2514,2512,2511,2509,2508,2506,2505,2503,2501,2500,2498,2497,2495,2494,2492,2491,2489,2487,2486,2484,2483,2481,2480,2478,2476,2475,2473,2472,2470,2469,2467,2465,2464,2462,2461,2459,2457,2456,2454,2453,2451,2450,2448,2446,2445,2443,2442,2440,2439,2437,2435,2434,2432,2431,2429,2428,2426,2424,2423,2421,2420,2418,2416,2415,2413,2412,2410,2409,2407,2405,2404,2402,2401,2399,2397,2396,2394,2393,2391,2390,2388,2386,2385,2383,2382,2380,2378,2377,2375,2374,2372,2370,2369,2367,2366,2364,2363,2361,2359,2358,2356,2355,2353,2351,2350,2348,2347,2345,2343,2342,2340,2339,2337,2335,2334,2332,2331,2329,2328,2326,2324,2323,2321,2320,2318,2316,2315,2313,2312,2310,2308,2307,2305,2304,2302,2300,2299,2297,2296,2294,2292,2291,2289,2288,2286,2284,2283,2281,2280,2278,2276,2275,2273,2272,2270,2268,2267,2265,2264,2262,2260,2259,2257,2256,2254,2252,2251,2249,2248,2246,2244,2243,2241,2240,2238,2236,2235,2233,2232,2230,2228,2227,2225,2224,2222,2220,2219,2217,2216,2214,2212,2211,2209,2208,2206,2204,2203,2201,2200,2198,2196,2195,2193,2192,2190,2188,2187,2185,2184,2182,2180,2179,2177,2176,2174,2172,2171,2169,2168,2166,2164,2163,2161,2160,2158,2156,2155,2153,2151,2150,2148,2147,2145,2143,2142,2140,2139,2137,2135,2134,2132,2131,2129,2127,2126,2124,2123,2121,2119,2118,2116,2115,2113,2111,2110,2108,2106,2105,2103,2102,2100,2098,2097,2095,2094,2092,2090,2089,2087,2086,2084,2082,2081,2079,2078,2076,2074,2073,2071,2070,2068,2066,2065,2063,2061,2060,2058,2057,2055,2053,2052,2050,2049,2047,2045,2044,2042,2041,2039,2037,2036,2034,2033,2031,2029,2028,2026,2024,2023,2021,2020,2018,2016,2015,2013,2012,2010,2008,2007,2005,2004,2002,2000,1999,1997,1996,1994,1992,1991,1989,1988,1986,1984,1983,1981,1979,1978,1976,1975,1973,1971,1970,1968,1967,1965,1963,1962,1960,1959,1957,1955,1954,1952,1951,1949,1947,1946,1944,1943,1941,1939,1938,1936,1934,1933,1931,1930,1928,1926,1925,1923,1922,1920,1918,1917,1915,1914,1912,1910,1909,1907,1906,1904,1902,1901,1899,1898,1896,1894,1893,1891,1890,1888,1886,1885,1883,1882,1880,1878,1877,1875,1874,1872,1870,1869,1867,1866,1864,1862,1861,1859,1858,1856,1854,1853,1851,1850,1848,1846,1845,1843,1842,1840,1838,1837,1835,1834,1832,1830,1829,1827,1826,1824,1822,1821,1819,1818,1816,1814,1813,1811,1810,1808,1806,1805,1803,1802,1800,1798,1797,1795,1794,1792,1790,1789,1787,1786,1784,1782,1781,1779,1778,1776,1774,1773,1771,1770,1768,1766,1765,1763,1762,1760,1759,1757,1755,1754,1752,1751,1749,1747,1746,1744,1743,1741,1739,1738,1736,1735,1733,1731,1730,1728,1727,1725,1724,1722,1720,1719,1717,1716,1714,1712,1711,1709,1708,1706,1704,1703,1701,1700,1698,1697,1695,1693,1692,1690,1689,1687,1685,1684,1682,1681,1679,1678,1676,1674,1673,1671,1670,1668,1666,1665,1663,1662,1660,1659,1657,1655,1654,1652,1651,1649,1648,1646,1644,1643,1641,1640,1638,1637,1635,1633,1632,1630,1629,1627,1625,1624,1622,1621,1619,1618,1616,1614,1613,1611,1610,1608,1607,1605,1603,1602,1600,1599,1597,1596,1594,1593,1591,1589,1588,1586,1585,1583,1582,1580,1578,1577,1575,1574,1572,1571,1569,1567,1566,1564,1563,1561,1560,1558,1557,1555,1553,1552,1550,1549,1547,1546,1544,1542,1541,1539,1538,1536,1535,1533,1532,1530,1528,1527,1525,1524,1522,1521,1519,1518,1516,1514,1513,1511,1510,1508,1507,1505,1504,1502,1501,1499,1497,1496,1494,1493,1491,1490,1488,1487,1485,1483,1482,1480,1479,1477,1476,1474,1473,1471,1470,1468,1467,1465,1463,1462,1460,1459,1457,1456,1454,1453,1451,1450,1448,1446,1445,1443,1442,1440,1439,1437,1436,1434,1433,1431,1430,1428,1427,1425,1423,1422,1420,1419,1417,1416,1414,1413,1411,1410,1408,1407,1405,1404,1402,1401,1399,1397,1396,1394,1393,1391,1390,1388,1387,1385,1384,1382,1381,1379,1378,1376,1375,1373,1372,1370,1369,1367,1366,1364,1363,1361,1359,1358,1356,1355,1353,1352,1350,1349,1347,1346,1344,1343,1341,1340,1338,1337,1335,1334,1332,1331,1329,1328,1326,1325,1323,1322,1320,1319,1317,1316,1314,1313,1311,1310,1308,1307,1305,1304,1302,1301,1299,1298,1296,1295,1293,1292,1290,1289,1287,1286,1284,1283,1281,1280,1278,1277,1275,1274,1272,1271,1269,1268,1266,1265,1263,1262,1260,1259,1258,1256,1255,1253,1252,1250,1249,1247,1246,1244,1243,1241,1240,1238,1237,1235,1234,1232,1231,1229,1228,1226,1225,1224,1222,1221,1219,1218,1216,1215,1213,1212,1210,1209,1207,1206,1204,1203,1201,1200,1199,1197,1196,1194,1193,1191,1190,1188,1187,1185,1184,1182,1181,1180,1178,1177,1175,1174,1172,1171,1169,1168,1166,1165,1164,1162,1161,1159,1158,1156,1155,1153,1152,1151,1149,1148,1146,1145,1143,1142,1140,1139,1138,1136,1135,1133,1132,1130,1129,1127,1126,1125,1123,1122,1120,1119,1117,1116,1115,1113,1112,1110,1109,1107,1106,1105,1103,1102,1100,1099,1097,1096,1095,1093,1092,1090,1089,1087,1086,1085,1083,1082,1080,1079,1078,1076,1075,1073,1072,1070,1069,1068,1066,1065,1063,1062,1061,1059,1058,1056,1055,1054,1052,1051,1049,1048,1047,1045,1044,1042,1041,1040,1038,1037,1035,1034,1033,1031,1030,1028,1027,1026,1024,1023,1021,1020,1019,1017,1016,1014,1013,1012,1010,1009,1008,1006,1005,1003,1002,1001,999,998,996,995,994,992,991,990,988,987,985,984,983,981,980,979,977,976,974,973,972,970,969,968,966,965,964,962,961,959,958,957,955,954,953,951,950,949,947,946,944,943,942,940,939,938,936,935,934,932,931,930,928,927,926,924,923,922,920,919,918,916,915,913,912,911,909,908,907,905,904,903,901,900,899,897,896,895,893,892,891,889,888,887,886,884,883,882,880,879,878,876,875,874,872,871,870,868,867,866,864,863,862,860,859,858,857,855,854,853,851,850,849,847,846,845,844,842,841,840,838,837,836,834,833,832,831,829,828,827,825,824,823,822,820,819,818,816,815,814,813,811,810,809,807,806,805,804,802,801,800,798,797,796,795,793,792,791,790,788,787,786,784,783,782,781,779,778,777,776,774,773,772,771,769,768,767,766,764,763,762,761,759,758,757,756,754,753,752,751,749,748,747,746,744,743,742,741,739,738,737,736,734,733,732,731,730,728,727,726,725,723,722,721,720,718,717,716,715,714,712,711,710,709,707,706,705,704,703,701,700,699,698,697,695,694,693,692,691,689,688,687,686,685,683,682,681,680,679,677,676,675,674,673,671,670,669,668,667,665,664,663,662,661,660,658,657,656,655,654,652,651,650,649,648,647,645,644,643,642,641,640,638,637,636,635,634,633,631,630,629,628,627,626,624,623,622,621,620,619,618,616,615,614,613,612,611,609,608,607,606,605,604,603,601,600,599,598,597,596,595,594,592,591,590,589,588,587,586,584,583,582,581,580,579,578,577,576,574,573,572,571,570,569,568,567,565,564,563,562,561,560,559,558,557,556,554,553,552,551,550,549,548,547,546,545,543,542,541,540,539,538,537,536,535,534,533,532,530,529,528,527,526,525,524,523,522,521,520,519,518,516,515,514,513,512,511,510,509,508,507,506,505,504,503,502,501,500,498,497,496,495,494,493,492,491,490,489,488,487,486,485,484,483,482,481,480,479,478,477,476,475,473,472,471,470,469,468,467,466,465,464,463,462,461,460,459,458,457,456,455,454,453,452,451,450,449,448,447,446,445,444,443,442,441,440,439,438,437,436,435,434,433,432,431,430,429,428,427,426,425,424,423,422,421,420,419,418,417,416,415,414,414,413,412,411,410,409,408,407,406,405,404,403,402,401,400,399,398,397,396,395,394,393,392,391,391,390,389,388,387,386,385,384,383,382,381,380,379,378,377,376,376,375,374,373,372,371,370,369,368,367,366,365,364,364,363,362,361,360,359,358,357,356,355,354,354,353,352,351,350,349,348,347,346,345,345,344,343,342,341,340,339,338,337,337,336,335,334,333,332,331,330,330,329,328,327,326,325,324,323,323,322,321,320,319,318,317,317,316,315,314,313,312,311,311,310,309,308,307,306,305,305,304,303,302,301,300,300,299,298,297,296,295,295,294,293,292,291,290,290,289,288,287,286,285,285,284,283,282,281,281,280,279,278,277,276,276,275,274,273,272,272,271,270,269,268,268,267,266,265,265,264,263,262,261,261,260,259,258,257,257,256,255,254,254,253,252,251,250,250,249,248,247,247,246,245,244,244,243,242,241,241,240,239,238,237,237,236,235,234,234,233,232,232,231,230,229,229,228,227,226,226,225,224,223,223,222,221,220,220,219,218,218,217,216,215,215,214,213,213,212,211,210,210,209,208,208,207,206,205,205,204,203,203,202,201,201,200,199,198,198,197,196,196,195,194,194,193,192,192,191,190,190,189,188,188,187,186,186,185,184,184,183,182,182,181,180,180,179,178,178,177,176,176,175,174,174,173,172,172,171,170,170,169,169,168,167,167,166,165,165,164,163,163,162,162,161,160,160,159,158,158,157,157,156,155,155,154,154,153,152,152,151,150,150,149,149,148,147,147,146,146,145,144,144,143,143,142,142,141,140,140,139,139,138,137,137,136,136,135,135,134,133,133,132,132,131,131,130,129,129,128,128,127,127,126,125,125,124,124,123,123,122,122,121,121,120,119,119,118,118,117,117,116,116,115,115,114,114,113,113,112,111,111,110,110,109,109,108,108,107,107,106,106,105,105,104,104,103,103,102,102,101,101,100,100,99,99,98,98,97,97,96,96,95,95,94,94,93,93,92,92,91,91,90,90,90,89,89,88,88,87,87,86,86,85,85,84,84,84,83,83,82,82,81,81,80,80,79,79,79,78,78,77,77,76,76,76,75,75,74,74,73,73,72,72,72,71,71,70,70,70,69,69,68,68,67,67,67,66,66,65,65,65,64,64,63,63,63,62,62,61,61,61,60,60,60,59,59,58,58,58,57,57,56,56,56,55,55,55,54,54,53,53,53,52,52,52,51,51,51,50,50,50,49,49,48,48,48,47,47,47,46,46,46,45,45,45,44,44,44,43,43,43,42,42,42,41,41,41,40,40,40,39,39,39,39,38,38,38,37,37,37,36,36,36,35,35,35,35,34,34,34,33,33,33,33,32,32,32,31,31,31,31,30,30,30,29,29,29,29,28,28,28,28,27,27,27,26,26,26,26,25,25,25,25,24,24,24,24,23,23,23,23,22,22,22,22,22,21,21,21,21,20,20,20,20,19,19,19,19,19,18,18,18,18,18,17,17,17,17,16,16,16,16,16,15,15,15,15,15,14,14,14,14,14,14,13,13,13,13,13,12,12,12,12,12,12,11,11,11,11,11,10,10,10,10,10,10,10,9,9,9,9,9,9,8,8,8,8,8,8,8,7,7,7,7,7,7,7,6,6,6,6,6,6,6,6,5,5,5,5,5,5,5,5,5,4,4,4,4,4,4,4,4,4,3,3,3,3,3,3,3,3,3,3,3,2,2,2,2,2,2,2,2,2,2,2,2,1,1,1,1,1,1,1,1,1,1,1,1,1,1,1,1,1,0,0,0,0,0,0,0,0,0,0,0,0,0,0,0,0,0,0,0,0,0,0,0,0,0,0,0,0,0,0,0,0,0,0,0,0,0,0,0,0,0,0,0,0,0,0,0,0,0,0,0,0,0,0,0,0,0,0,0,0,0,0,0,0,0,0,0,0,0,0,0,0,0,0,0,0,0,0,0,1,1,1,1,1,1,1,1,1,1,1,1,1,1,1,1,1,2,2,2,2,2,2,2,2,2,2,2,2,3,3,3,3,3,3,3,3,3,3,3,4,4,4,4,4,4,4,4,4,5,5,5,5,5,5,5,5,5,6,6,6,6,6,6,6,6,7,7,7,7,7,7,7,8,8,8,8,8,8,8,9,9,9,9,9,9,10,10,10,10,10,10,10,11,11,11,11,11,12,12,12,12,12,12,13,13,13,13,13,14,14,14,14,14,14,15,15,15,15,15,16,16,16,16,16,17,17,17,17,18,18,18,18,18,19,19,19,19,19,20,20,20,20,21,21,21,21,22,22,22,22,22,23,23,23,23,24,24,24,24,25,25,25,25,26,26,26,26,27,27,27,28,28,28,28,29,29,29,29,30,30,30,31,31,31,31,32,32,32,33,33,33,33,34,34,34,35,35,35,35,36,36,36,37,37,37,38,38,38,39,39,39,39,40,40,40,41,41,41,42,42,42,43,43,43,44,44,44,45,45,45,46,46,46,47,47,47,48,48,48,49,49,50,50,50,51,51,51,52,52,52,53,53,53,54,54,55,55,55,56,56,56,57,57,58,58,58,59,59,60,60,60,61,61,61,62,62,63,63,63,64,64,65,65,65,66,66,67,67,67,68,68,69,69,70,70,70,71,71,72,72,72,73,73,74,74,75,75,76,76,76,77,77,78,78,79,79,79,80,80,81,81,82,82,83,83,84,84,84,85,85,86,86,87,87,88,88,89,89,90,90,90,91,91,92,92,93,93,94,94,95,95,96,96,97,97,98,98,99,99,100,100,101,101,102,102,103,103,104,104,105,105,106,106,107,107,108,108,109,109,110,110,111,111,112,113,113,114,114,115,115,116,116,117,117,118,118,119,119,120,121,121,122,122,123,123,124,124,125,125,126,127,127,128,128,129,129,130,131,131,132,132,133,133,134,135,135,136,136,137,137,138,139,139,140,140,141,142,142,143,143,144,144,145,146,146,147,147,148,149,149,150,150,151,152,152,153,154,154,155,155,156,157,157,158,158,159,160,160,161,162,162,163,163,164,165,165,166,167,167,168,169,169,170,170,171,172,172,173,174,174,175,176,176,177,178,178,179,180,180,181,182,182,183,184,184,185,186,186,187,188,188,189,190,190,191,192,192,193,194,194,195,196,196,197,198,198,199,200,201,201,202,203,203,204,205,205,206,207,208,208,209,210,210,211,212,213,213,214,215,215,216,217,218,218,219,220,220,221,222,223,223,224,225,226,226,227,228,229,229,230,231,232,232,233,234,234,235,236,237,237,238,239,240,241,241,242,243,244,244,245,246,247,247,248,249,250,250,251,252,253,254,254,255,256,257,257,258,259,260,261,261,262,263,264,265,265,266,267,268,268,269,270,271,272,272,273,274,275,276,276,277,278,279,280,281,281,282,283,284,285,285,286,287,288,289,290,290,291,292,293,294,295,295,296,297,298,299,300,300,301,302,303,304,305,305,306,307,308,309,310,311,311,312,313,314,315,316,317,317,318,319,320,321,322,323,323,324,325,326,327,328,329,330,330,331,332,333,334,335,336,337,337,338,339,340,341,342,343,344,345,345,346,347,348,349,350,351,352,353,354,354,355,356,357,358,359,360,361,362,363,364,364,365,366,367,368,369,370,371,372,373,374,375,376,376,377,378,379,380,381,382,383,384,385,386,387,388,389,390,391,391,392,393,394,395,396,397,398,399,400,401,402,403,404,405,406,407,408,409,410,411,412,413,414,414,415,416,417,418,419,420,421,422,423,424,425,426,427,428,429,430,431,432,433,434,435,436,437,438,439,440,441,442,443,444,445,446,447,448,449,450,451,452,453,454,455,456,457,458,459,460,461,462,463,464,465,466,467,468,469,470,471,472,473,475,476,477,478,479,480,481,482,483,484,485,486,487,488,489,490,491,492,493,494,495,496,497,498,500,501,502,503,504,505,506,507,508,509,510,511,512,513,514,515,516,518,519,520,521,522,523,524,525,526,527,528,529,530,532,533,534,535,536,537,538,539,540,541,542,543,545,546,547,548,549,550,551,552,553,554,556,557,558,559,560,561,562,563,564,565,567,568,569,570,571,572,573,574,576,577,578,579,580,581,582,583,584,586,587,588,589,590,591,592,594,595,596,597,598,599,600,601,603,604,605,606,607,608,609,611,612,613,614,615,616,618,619,620,621,622,623,624,626,627,628,629,630,631,633,634,635,636,637,638,640,641,642,643,644,645,647,648,649,650,651,652,654,655,656,657,658,660,661,662,663,664,665,667,668,669,670,671,673,674,675,676,677,679,680,681,682,683,685,686,687,688,689,691,692,693,694,695,697,698,699,700,701,703,704,705,706,707,709,710,711,712,714,715,716,717,718,720,721,722,723,725,726,727,728,730,731,732,733,734,736,737,738,739,741,742,743,744,746,747,748,749,751,752,753,754,756,757,758,759,761,762,763,764,766,767,768,769,771,772,773,774,776,777,778,779,781,782,783,784,786,787,788,790,791,792,793,795,796,797,798,800,801,802,804,805,806,807,809,810,811,813,814,815,816,818,819,820,822,823,824,825,827,828,829,831,832,833,834,836,837,838,840,841,842,844,845,846,847,849,850,851,853,854,855,857,858,859,860,862,863,864,866,867,868,870,871,872,874,875,876,878,879,880,882,883,884,886,887,888,889,891,892,893,895,896,897,899,900,901,903,904,905,907,908,909,911,912,913,915,916,918,919,920,922,923,924,926,927,928,930,931,932,934,935,936,938,939,940,942,943,944,946,947,949,950,951,953,954,955,957,958,959,961,962,964,965,966,968,969,970,972,973,974,976,977,979,980,981,983,984,985,987,988,990,991,992,994,995,996,998,999,1001,1002,1003,1005,1006,1008,1009,1010,1012,1013,1014,1016,1017,1019,1020,1021,1023,1024,1026,1027,1028,1030,1031,1033,1034,1035,1037,1038,1040,1041,1042,1044,1045,1047,1048,1049,1051,1052,1054,1055,1056,1058,1059,1061,1062,1063,1065,1066,1068,1069,1070,1072,1073,1075,1076,1078,1079,1080,1082,1083,1085,1086,1087,1089,1090,1092,1093,1095,1096,1097,1099,1100,1102,1103,1105,1106,1107,1109,1110,1112,1113,1115,1116,1117,1119,1120,1122,1123,1125,1126,1127,1129,1130,1132,1133,1135,1136,1138,1139,1140,1142,1143,1145,1146,1148,1149,1151,1152,1153,1155,1156,1158,1159,1161,1162,1164,1165,1166,1168,1169,1171,1172,1174,1175,1177,1178,1180,1181,1182,1184,1185,1187,1188,1190,1191,1193,1194,1196,1197,1199,1200,1201,1203,1204,1206,1207,1209,1210,1212,1213,1215,1216,1218,1219,1221,1222,1224,1225,1226,1228,1229,1231,1232,1234,1235,1237,1238,1240,1241,1243,1244,1246,1247,1249,1250,1252,1253,1255,1256,1258,1259,1260,1262,1263,1265,1266,1268,1269,1271,1272,1274,1275,1277,1278,1280,1281,1283,1284,1286,1287,1289,1290,1292,1293,1295,1296,1298,1299,1301,1302,1304,1305,1307,1308,1310,1311,1313,1314,1316,1317,1319,1320,1322,1323,1325,1326,1328,1329,1331,1332,1334,1335,1337,1338,1340,1341,1343,1344,1346,1347,1349,1350,1352,1353,1355,1356,1358,1359,1361,1363,1364,1366,1367,1369,1370,1372,1373,1375,1376,1378,1379,1381,1382,1384,1385,1387,1388,1390,1391,1393,1394,1396,1397,1399,1401,1402,1404,1405,1407,1408,1410,1411,1413,1414,1416,1417,1419,1420,1422,1423,1425,1427,1428,1430,1431,1433,1434,1436,1437,1439,1440,1442,1443,1445,1446,1448,1450,1451,1453,1454,1456,1457,1459,1460,1462,1463,1465,1467,1468,1470,1471,1473,1474,1476,1477,1479,1480,1482,1483,1485,1487,1488,1490,1491,1493,1494,1496,1497,1499,1501,1502,1504,1505,1507,1508,1510,1511,1513,1514,1516,1518,1519,1521,1522,1524,1525,1527,1528,1530,1532,1533,1535,1536,1538,1539,1541,1542,1544,1546,1547,1549,1550,1552,1553,1555,1557,1558,1560,1561,1563,1564,1566,1567,1569,1571,1572,1574,1575,1577,1578,1580,1582,1583,1585,1586,1588,1589,1591,1593,1594,1596,1597,1599,1600,1602,1603,1605,1607,1608,1610,1611,1613,1614,1616,1618,1619,1621,1622,1624,1625,1627,1629,1630,1632,1633,1635,1637,1638,1640,1641,1643,1644,1646,1648,1649,1651,1652,1654,1655,1657,1659,1660,1662,1663,1665,1666,1668,1670,1671,1673,1674,1676,1678,1679,1681,1682,1684,1685,1687,1689,1690,1692,1693,1695,1697,1698,1700,1701,1703,1704,1706,1708,1709,1711,1712,1714,1716,1717,1719,1720,1722,1724,1725,1727,1728,1730,1731,1733,1735,1736,1738,1739,1741,1743,1744,1746,1747,1749,1751,1752,1754,1755,1757,1759,1760,1762,1763,1765,1766,1768,1770,1771,1773,1774,1776,1778,1779,1781,1782,1784,1786,1787,1789,1790,1792,1794,1795,1797,1798,1800,1802,1803,1805,1806,1808,1810,1811,1813,1814,1816,1818,1819,1821,1822,1824,1826,1827,1829,1830,1832,1834,1835,1837,1838,1840,1842,1843,1845,1846,1848,1850,1851,1853,1854,1856,1858,1859,1861,1862,1864,1866,1867,1869,1870,1872,1874,1875,1877,1878,1880,1882,1883,1885,1886,1888,1890,1891,1893,1894,1896,1898,1899,1901,1902,1904,1906,1907,1909,1910,1912,1914,1915,1917,1918,1920,1922,1923,1925,1926,1928,1930,1931,1933,1934,1936,1938,1939,1941,1943,1944,1946,1947,1949,1951,1952,1954,1955,1957,1959,1960,1962,1963,1965,1967,1968,1970,1971,1973,1975,1976,1978,1979,1981,1983,1984,1986,1988,1989,1991,1992,1994,1996,1997,1999,2000,2002,2004,2005,2007,2008,2010,2012,2013,2015,2016,2018,2020,2021,2023,2024,2026,2028,2029,2031,2033,2034,2036,2037,2039,2041,2042,2044,2045,2047

2047,2050,2053,2057,2060,2063,2066,2070,2073,2076,2079,2082,2086,2089,2092,2095,2098,2102,2105,2108,2111,2115,2118,2121,2124,2127,2131,2134,2137,2140,2143,2147,2150,2153,2156,2160,2163,2166,2169,2172,2176,2179,2182,2185,2188,2192,2195,2198,2201,2204,2208,2211,2214,2217,2220,2224,2227,2230,2233,2236,2240,2243,2246,2249,2252,2256,2259,2262,2265,2268,2272,2275,2278,2281,2284,2288,2291,2294,2297,2300,2304,2307,2310,2313,2316,2320,2323,2326,2329,2332,2335,2339,2342,2345,2348,2351,2355,2358,2361,2364,2367,2370,2374,2377,2380,2383,2386,2390,2393,2396,2399,2402,2405,2409,2412,2415,2418,2421,2424,2428,2431,2434,2437,2440,2443,2446,2450,2453,2456,2459,2462,2465,2469,2472,2475,2478,2481,2484,2487,2491,2494,2497,2500,2503,2506,2509,2512,2516,2519,2522,2525,2528,2531,2534,2537,2541,2544,2547,2550,2553,2556,2559,2562,2566,2569,2572,2575,2578,2581,2584,2587,2590,2593,2597,2600,2603,2606,2609,2612,2615,2618,2621,2624,2627,2631,2634,2637,2640,2643,2646,2649,2652,2655,2658,2661,2664,2667,2671,2674,2677,2680,2683,2686,2689,2692,2695,2698,2701,2704,2707,2710,2713,2716,2719,2722,2725,2728,2731,2735,2738,2741,2744,2747,2750,2753,2756,2759,2762,2765,2768,2771,2774,2777,2780,2783,2786,2789,2792,2795,2798,2801,2804,2807,2810,2813,2816,2819,2822,2825,2828,2831,2834,2836,2839,2842,2845,2848,2851,2854,2857,2860,2863,2866,2869,2872,2875,2878,2881,2884,2887,2890,2893,2895,2898,2901,2904,2907,2910,2913,2916,2919,2922,2925,2928,2930,2933,2936,2939,2942,2945,2948,2951,2954,2956,2959,2962,2965,2968,2971,2974,2977,2979,2982,2985,2988,2991,2994,2997,2999,3002,3005,3008,3011,3014,3016,3019,3022,3025,3028,3031,3033,3036,3039,3042,3045,3047,3050,3053,3056,3059,3061,3064,3067,3070,3073,3075,3078,3081,3084,3086,3089,3092,3095,3098,3100,3103,3106,3109,3111,3114,3117,3120,3122,3125,3128,3130,3133,3136,3139,3141,3144,3147,3150,3152,3155,3158,3160,3163,3166,3168,3171,3174,3176,3179,3182,3185,3187,3190,3193,3195,3198,3201,3203,3206,3208,3211,3214,3216,3219,3222,3224,3227,3230,3232,3235,3237,3240,3243,3245,3248,3250,3253,3256,3258,3261,3263,3266,3269,3271,3274,3276,3279,3281,3284,3287,3289,3292,3294,3297,3299,3302,3304,3307,3310,3312,3315,3317,3320,3322,3325,3327,3330,3332,3335,3337,3340,3342,3345,3347,3350,3352,3355,3357,3360,3362,3364,3367,3369,3372,3374,3377,3379,3382,3384,3387,3389,3391,3394,3396,3399,3401,3403,3406,3408,3411,3413,3415,3418,3420,3423,3425,3427,3430,3432,3434,3437,3439,3442,3444,3446,3449,3451,3453,3456,3458,3460,3463,3465,3467,3470,3472,3474,3476,3479,3481,3483,3486,3488,3490,3493,3495,3497,3499,3502,3504,3506,3508,3511,3513,3515,3517,3520,3522,3524,3526,3529,3531,3533,3535,3537,3540,3542,3544,3546,3548,3551,3553,3555,3557,3559,3561,3564,3566,3568,3570,3572,3574,3576,3579,3581,3583,3585,3587,3589,3591,3593,3596,3598,3600,3602,3604,3606,3608,3610,3612,3614,3616,3618,3621,3623,3625,3627,3629,3631,3633,3635,3637,3639,3641,3643,3645,3647,3649,3651,3653,3655,3657,3659,3661,3663,3665,3667,3669,3671,3673,3675,3677,3679,3680,3682,3684,3686,3688,3690,3692,3694,3696,3698,3700,3702,3703,3705,3707,3709,3711,3713,3715,3717,3718,3720,3722,3724,3726,3728,3730,3731,3733,3735,3737,3739,3740,3742,3744,3746,3748,3749,3751,3753,3755,3757,3758,3760,3762,3764,3765,3767,3769,3771,3772,3774,3776,3777,3779,3781,3783,3784,3786,3788,3789,3791,3793,3794,3796,3798,3799,3801,3803,3804,3806,3808,3809,3811,3813,3814,3816,3818,3819,3821,3822,3824,3826,3827,3829,3830,3832,3833,3835,3837,3838,3840,3841,3843,3844,3846,3847,3849,3850,3852,3853,3855,3857,3858,3860,3861,3862,3864,3865,3867,3868,3870,3871,3873,3874,3876,3877,3879,3880,3881,3883,3884,3886,3887,3889,3890,3891,3893,3894,3896,3897,3898,3900,3901,3902,3904,3905,3906,3908,3909,3910,3912,3913,3914,3916,3917,3918,3920,3921,3922,3924,3925,3926,3927,3929,3930,3931,3932,3934,3935,3936,3937,3939,3940,3941,3942,3944,3945,3946,3947,3948,3950,3951,3952,3953,3954,3955,3957,3958,3959,3960,3961,3962,3963,3965,3966,3967,3968,3969,3970,3971,3972,3973,3975,3976,3977,3978,3979,3980,3981,3982,3983,3984,3985,3986,3987,3988,3989,3990,3991,3992,3993,3994,3995,3996,3997,3998,3999,4000,4001,4002,4003,4004,4005,4006,4007,4008,4009,4010,4010,4011,4012,4013,4014,4015,4016,4017,4018,4018,4019,4020,4021,4022,4023,4024,4024,4025,4026,4027,4028,4029,4029,4030,4031,4032,4033,4033,4034,4035,4036,4036,4037,4038,4039,4039,4040,4041,4042,4042,4043,4044,4044,4045,4046,4047,4047,4048,4049,4049,4050,4051,4051,4052,4053,4053,4054,4055,4055,4056,4056,4057,4058,4058,4059,4059,4060,4061,4061,4062,4062,4063,4063,4064,4065,4065,4066,4066,4067,4067,4068,4068,4069,4069,4070,4070,4071,4071,4072,4072,4073,4073,4074,4074,4075,4075,4075,4076,4076,4077,4077,4078,4078,4078,4079,4079,4080,4080,4080,4081,4081,4081,4082,4082,4082,4083,4083,4084,4084,4084,4084,4085,4085,4085,4086,4086,4086,4087,4087,4087,4087,4088,4088,4088,4088,4089,4089,4089,4089,4090,4090,4090,4090,4090,4091,4091,4091,4091,4091,4092,4092,4092,4092,4092,4092,4093,4093,4093,4093,4093,4093,4093,4093,4093,4094,4094,4094,4094,4094,4094,4094,4094,4094,4094,4094,4094,4094,4094,4094,4094,4094,4094,4094,4095,4094,4094,4094,4094,4094,4094,4094,4094,4094,4094,4094,4094,4094,4094,4094,4094,4094,4094,4094,4093,4093,4093,4093,4093,4093,4093,4093,4093,4092,4092,4092,4092,4092,4092,4091,4091,4091,4091,4091,4090,4090,4090,4090,4090,4089,4089,4089,4089,4088,4088,4088,4088,4087,4087,4087,4087,4086,4086,4086,4085,4085,4085,4084,4084,4084,4084,4083,4083,4082,4082,4082,4081,4081,4081,4080,4080,4080,4079,4079,4078,4078,4078,4077,4077,4076,4076,4075,4075,4075,4074,4074,4073,4073,4072,4072,4071,4071,4070,4070,4069,4069,4068,4068,4067,4067,4066,4066,4065,4065,4064,4063,4063,4062,4062,4061,4061,4060,4059,4059,4058,4058,4057,4056,4056,4055,4055,4054,4053,4053,4052,4051,4051,4050,4049,4049,4048,4047,4047,4046,4045,4044,4044,4043,4042,4042,4041,4040,4039,4039,4038,4037,4036,4036,4035,4034,4033,4033,4032,4031,4030,4029,4029,4028,4027,4026,4025,4024,4024,4023,4022,4021,4020,4019,4018,4018,4017,4016,4015,4014,4013,4012,4011,4010,4010,4009,4008,4007,4006,4005,4004,4003,4002,4001,4000,3999,3998,3997,3996,3995,3994,3993,3992,3991,3990,3989,3988,3987,3986,3985,3984,3983,3982,3981,3980,3979,3978,3977,3976,3975,3973,3972,3971,3970,3969,3968,3967,3966,3965,3963,3962,3961,3960,3959,3958,3957,3955,3954,3953,3952,3951,3950,3948,3947,3946,3945,3944,3942,3941,3940,3939,3937,3936,3935,3934,3932,3931,3930,3929,3927,3926,3925,3924,3922,3921,3920,3918,3917,3916,3914,3913,3912,3910,3909,3908,3906,3905,3904,3902,3901,3900,3898,3897,3896,3894,3893,3891,3890,3889,3887,3886,3884,3883,3881,3880,3879,3877,3876,3874,3873,3871,3870,3868,3867,3865,3864,3862,3861,3860,3858,3857,3855,3853,3852,3850,3849,3847,3846,3844,3843,3841,3840,3838,3837,3835,3833,3832,3830,3829,3827,3826,3824,3822,3821,3819,3818,3816,3814,3813,3811,3809,3808,3806,3804,3803,3801,3799,3798,3796,3794,3793,3791,3789,3788,3786,3784,3783,3781,3779,3777,3776,3774,3772,3771,3769,3767,3765,3764,3762,3760,3758,3757,3755,3753,3751,3749,3748,3746,3744,3742,3740,3739,3737,3735,3733,3731,3730,3728,3726,3724,3722,3720,3718,3717,3715,3713,3711,3709,3707,3705,3703,3702,3700,3698,3696,3694,3692,3690,3688,3686,3684,3682,3680,3679,3677,3675,3673,3671,3669,3667,3665,3663,3661,3659,3657,3655,3653,3651,3649,3647,3645,3643,3641,3639,3637,3635,3633,3631,3629,3627,3625,3623,3621,3618,3616,3614,3612,3610,3608,3606,3604,3602,3600,3598,3596,3593,3591,3589,3587,3585,3583,3581,3579,3576,3574,3572,3570,3568,3566,3564,3561,3559,3557,3555,3553,3551,3548,3546,3544,3542,3540,3537,3535,3533,3531,3529,3526,3524,3522,3520,3517,3515,3513,3511,3508,3506,3504,3502,3499,3497,3495,3493,3490,3488,3486,3483,3481,3479,3476,3474,3472,3470,3467,3465,3463,3460,3458,3456,3453,3451,3449,3446,3444,3442,3439,3437,3434,3432,3430,3427,3425,3423,3420,3418,3415,3413,3411,3408,3406,3403,3401,3399,3396,3394,3391,3389,3387,3384,3382,3379,3377,3374,3372,3369,3367,3364,3362,3360,3357,3355,3352,3350,3347,3345,3342,3340,3337,3335,3332,3330,3327,3325,3322,3320,3317,3315,3312,3310,3307,3304,3302,3299,3297,3294,3292,3289,3287,3284,3281,3279,3276,3274,3271,3269,3266,3263,3261,3258,3256,3253,3250,3248,3245,3243,3240,3237,3235,3232,3230,3227,3224,3222,3219,3216,3214,3211,3208,3206,3203,3201,3198,3195,3193,3190,3187,3185,3182,3179,3176,3174,3171,3168,3166,3163,3160,3158,3155,3152,3150,3147,3144,3141,3139,3136,3133,3130,3128,3125,3122,3120,3117,3114,3111,3109,3106,3103,3100,3098,3095,3092,3089,3086,3084,3081,3078,3075,3073,3070,3067,3064,3061,3059,3056,3053,3050,3047,3045,3042,3039,3036,3033,3031,3028,3025,3022,3019,3016,3014,3011,3008,3005,3002,2999,2997,2994,2991,2988,2985,2982,2979,2977,2974,2971,2968,2965,2962,2959,2956,2954,2951,2948,2945,2942,2939,2936,2933,2930,2928,2925,2922,2919,2916,2913,2910,2907,2904,2901,2898,2895,2893,2890,2887,2884,2881,2878,2875,2872,2869,2866,2863,2860,2857,2854,2851,2848,2845,2842,2839,2836,2834,2831,2828,2825,2822,2819,2816,2813,2810,2807,2804,2801,2798,2795,2792,2789,2786,2783,2780,2777,2774,2771,2768,2765,2762,2759,2756,2753,2750,2747,2744,2741,2738,2735,2731,2728,2725,2722,2719,2716,2713,2710,2707,2704,2701,2698,2695,2692,2689,2686,2683,2680,2677,2674,2671,2667,2664,2661,2658,2655,2652,2649,2646,2643,2640,2637,2634,2631,2627,2624,2621,2618,2615,2612,2609,2606,2603,2600,2597,2593,2590,2587,2584,2581,2578,2575,2572,2569,2566,2562,2559,2556,2553,2550,2547,2544,2541,2537,2534,2531,2528,2525,2522,2519,2516,2512,2509,2506,2503,2500,2497,2494,2491,2487,2484,2481,2478,2475,2472,2469,2465,2462,2459,2456,2453,2450,2446,2443,2440,2437,2434,2431,2428,2424,2421,2418,2415,2412,2409,2405,2402,2399,2396,2393,2390,2386,2383,2380,2377,2374,2370,2367,2364,2361,2358,2355,2351,2348,2345,2342,2339,2335,2332,2329,2326,2323,2320,2316,2313,2310,2307,2304,2300,2297,2294,2291,2288,2284,2281,2278,2275,2272,2268,2265,2262,2259,2256,2252,2249,2246,2243,2240,2236,2233,2230,2227,2224,2220,2217,2214,2211,2208,2204,2201,2198,2195,2192,2188,2185,2182,2179,2176,2172,2169,2166,2163,2160,2156,2153,2150,2147,2143,2140,2137,2134,2131,2127,2124,2121,2118,2115,2111,2108,2105,2102,2098,2095,2092,2089,2086,2082,2079,2076,2073,2070,2066,2063,2060,2057,2053,2050,2047,2044,2041,2037,2034,2031,2028,2024,2021,2018,2015,2012,2008,2005,2002,1999,1996,1992,1989,1986,1983,1979,1976,1973,1970,1967,1963,1960,1957,1954,1951,1947,1944,1941,1938,1934,1931,1928,1925,1922,1918,1915,1912,1909,1906,1902,1899,1896,1893,1890,1886,1883,1880,1877,1874,1870,1867,1864,1861,1858,1854,1851,1848,1845,1842,1838,1835,1832,1829,1826,1822,1819,1816,1813,1810,1806,1803,1800,1797,1794,1790,1787,1784,1781,1778,1774,1771,1768,1765,1762,1759,1755,1752,1749,1746,1743,1739,1736,1733,1730,1727,1724,1720,1717,1714,1711,1708,1704,1701,1698,1695,1692,1689,1685,1682,1679,1676,1673,1670,1666,1663,1660,1657,1654,1651,1648,1644,1641,1638,1635,1632,1629,1625,1622,1619,1616,1613,1610,1607,1603,1600,1597,1594,1591,1588,1585,1582,1578,1575,1572,1569,1566,1563,1560,1557,1553,1550,1547,1544,1541,1538,1535,1532,1528,1525,1522,1519,1516,1513,1510,1507,1504,1501,1497,1494,1491,1488,1485,1482,1479,1476,1473,1470,1467,1463,1460,1457,1454,1451,1448,1445,1442,1439,1436,1433,1430,1427,1423,1420,1417,1414,1411,1408,1405,1402,1399,1396,1393,1390,1387,1384,1381,1378,1375,1372,1369,1366,1363,1359,1356,1353,1350,1347,1344,1341,1338,1335,1332,1329,1326,1323,1320,1317,1314,1311,1308,1305,1302,1299,1296,1293,1290,1287,1284,1281,1278,1275,1272,1269,1266,1263,1260,1258,1255,1252,1249,1246,1243,1240,1237,1234,1231,1228,1225,1222,1219,1216,1213,1210,1207,1204,1201,1199,1196,1193,1190,1187,1184,1181,1178,1175,1172,1169,1166,1164,1161,1158,1155,1152,1149,1146,1143,1140,1138,1135,1132,1129,1126,1123,1120,1117,1115,1112,1109,1106,1103,1100,1097,1095,1092,1089,1086,1083,1080,1078,1075,1072,1069,1066,1063,1061,1058,1055,1052,1049,1047,1044,1041,1038,1035,1033,1030,1027,1024,1021,1019,1016,1013,1010,1008,1005,1002,999,996,994,991,988,985,983,980,977,974,972,969,966,964,961,958,955,953,950,947,944,942,939,936,934,931,928,926,923,920,918,915,912,909,907,904,901,899,896,893,891,888,886,883,880,878,875,872,870,867,864,862,859,857,854,851,849,846,844,841,838,836,833,831,828,825,823,820,818,815,813,810,807,805,802,800,797,795,792,790,787,784,782,779,777,774,772,769,767,764,762,759,757,754,752,749,747,744,742,739,737,734,732,730,727,725,722,720,717,715,712,710,707,705,703,700,698,695,693,691,688,686,683,681,679,676,674,671,669,667,664,662,660,657,655,652,650,648,645,643,641,638,636,634,631,629,627,624,622,620,618,615,613,611,608,606,604,601,599,597,595,592,590,588,586,583,581,579,577,574,572,570,568,565,563,561,559,557,554,552,550,548,546,543,541,539,537,535,533,530,528,526,524,522,520,518,515,513,511,509,507,505,503,501,498,496,494,492,490,488,486,484,482,480,478,476,473,471,469,467,465,463,461,459,457,455,453,451,449,447,445,443,441,439,437,435,433,431,429,427,425,423,421,419,417,415,414,412,410,408,406,404,402,400,398,396,394,392,391,389,387,385,383,381,379,377,376,374,372,370,368,366,364,363,361,359,357,355,354,352,350,348,346,345,343,341,339,337,336,334,332,330,329,327,325,323,322,320,318,317,315,313,311,310,308,306,305,303,301,300,298,296,295,293,291,290,288,286,285,283,281,280,278,276,275,273,272,270,268,267,265,264,262,261,259,257,256,254,253,251,250,248,247,245,244,242,241,239,237,236,234,233,232,230,229,227,226,224,223,221,220,218,217,215,214,213,211,210,208,207,205,204,203,201,200,198,197,196,194,193,192,190,189,188,186,185,184,182,181,180,178,177,176,174,173,172,170,169,168,167,165,164,163,162,160,159,158,157,155,154,153,152,150,149,148,147,146,144,143,142,141,140,139,137,136,135,134,133,132,131,129,128,127,126,125,124,123,122,121,119,118,117,116,115,114,113,112,111,110,109,108,107,106,105,104,103,102,101,100,99,98,97,96,95,94,93,92,91,90,89,88,87,86,85,84,84,83,82,81,80,79,78,77,76,76,75,74,73,72,71,70,70,69,68,67,66,65,65,64,63,62,61,61,60,59,58,58,57,56,55,55,54,53,52,52,51,50,50,49,48,47,47,46,45,45,44,43,43,42,41,41,40,39,39,38,38,37,36,36,35,35,34,33,33,32,32,31,31,30,29,29,28,28,27,27,26,26,25,25,24,24,23,23,22,22,21,21,20,20,19,19,19,18,18,17,17,16,16,16,15,15,14,14,14,13,13,13,12,12,12,11,11,10,10,10,10,9,9,9,8,8,8,7,7,7,7,6,6,6,6,5,5,5,5,4,4,4,4,4,3,3,3,3,3,2,2,2,2,2,2,1,1,1,1,1,1,1,1,1,0,0,0,0,0,0,0,0,0,0,0,0,0,0,0,0,0,0,0,0,0,0,0,0,0,0,0,0,0,0,0,0,0,0,0,0,0,0,0,1,1,1,1,1,1,1,1,1,2,2,2,2,2,2,3,3,3,3,3,4,4,4,4,4,5,5,5,5,6,6,6,6,7,7,7,7,8,8,8,9,9,9,10,10,10,10,11,11,12,12,12,13,13,13,14,14,14,15,15,16,16,16,17,17,18,18,19,19,19,20,20,21,21,22,22,23,23,24,24,25,25,26,26,27,27,28,28,29,29,30,31,31,32,32,33,33,34,35,35,36,36,37,38,38,39,39,40,41,41,42,43,43,44,45,45,46,47,47,48,49,50,50,51,52,52,53,54,55,55,56,57,58,58,59,60,61,61,62,63,64,65,65,66,67,68,69,70,70,71,72,73,74,75,76,76,77,78,79,80,81,82,83,84,84,85,86,87,88,89,90,91,92,93,94,95,96,97,98,99,100,101,102,103,104,105,106,107,108,109,110,111,112,113,114,115,116,117,118,119,121,122,123,124,125,126,127,128,129,131,132,133,134,135,136,137,139,140,141,142,143,144,146,147,148,149,150,152,153,154,155,157,158,159,160,162,163,164,165,167,168,169,170,172,173,174,176,177,178,180,181,182,184,185,186,188,189,190,192,193,194,196,197,198,200,201,203,204,205,207,208,210,211,213,214,215,217,218,220,221,223,224,226,227,229,230,232,233,234,236,237,239,241,242,244,245,247,248,250,251,253,254,256,257,259,261,262,264,265,267,268,270,272,273,275,276,278,280,281,283,285,286,288,290,291,293,295,296,298,300,301,303,305,306,308,310,311,313,315,317,318,320,322,323,325,327,329,330,332,334,336,337,339,341,343,345,346,348,350,352,354,355,357,359,361,363,364,366,368,370,372,374,376,377,379,381,383,385,387,389,391,392,394,396,398,400,402,404,406,408,410,412,414,415,417,419,421,423,425,427,429,431,433,435,437,439,441,443,445,447,449,451,453,455,457,459,461,463,465,467,469,471,473,476,478,480,482,484,486,488,490,492,494,496,498,501,503,505,507,509,511,513,515,518,520,522,524,526,528,530,533,535,537,539,541,543,546,548,550,552,554,557,559,561,563,565,568,570,572,574,577,579,581,583,586,588,590,592,595,597,599,601,604,606,608,611,613,615,618,620,622,624,627,629,631,634,636,638,641,643,645,648,650,652,655,657,660,662,664,667,669,671,674,676,679,681,683,686,688,691,693,695,698,700,703,705,707,710,712,715,717,720,722,725,727,730,732,734,737,739,742,744,747,749,752,754,757,759,762,764,767,769,772,774,777,779,782,784,787,790,792,795,797,800,802,805,807,810,813,815,818,820,823,825,828,831,833,836,838,841,844,846,849,851,854,857,859,862,864,867,870,872,875,878,880,883,886,888,891,893,896,899,901,904,907,909,912,915,918,920,923,926,928,931,934,936,939,942,944,947,950,953,955,958,961,964,966,969,972,974,977,980,983,985,988,991,994,996,999,1002,1005,1008,1010,1013,1016,1019,1021,1024,1027,1030,1033,1035,1038,1041,1044,1047,1049,1052,1055,1058,1061,1063,1066,1069,1072,1075,1078,1080,1083,1086,1089,1092,1095,1097,1100,1103,1106,1109,1112,1115,1117,1120,1123,1126,1129,1132,1135,1138,1140,1143,1146,1149,1152,1155,1158,1161,1164,1166,1169,1172,1175,1178,1181,1184,1187,1190,1193,1196,1199,1201,1204,1207,1210,1213,1216,1219,1222,1225,1228,1231,1234,1237,1240,1243,1246,1249,1252,1255,1258,1260,1263,1266,1269,1272,1275,1278,1281,1284,1287,1290,1293,1296,1299,1302,1305,1308,1311,1314,1317,1320,1323,1326,1329,1332,1335,1338,1341,1344,1347,1350,1353,1356,1359,1363,1366,1369,1372,1375,1378,1381,1384,1387,1390,1393,1396,1399,1402,1405,1408,1411,1414,1417,1420,1423,1427,1430,1433,1436,1439,1442,1445,1448,1451,1454,1457,1460,1463,1467,1470,1473,1476,1479,1482,1485,1488,1491,1494,1497,1501,1504,1507,1510,1513,1516,1519,1522,1525,1528,1532,1535,1538,1541,1544,1547,1550,1553,1557,1560,1563,1566,1569,1572,1575,1578,1582,1585,1588,1591,1594,1597,1600,1603,1607,1610,1613,1616,1619,1622,1625,1629,1632,1635,1638,1641,1644,1648,1651,1654,1657,1660,1663,1666,1670,1673,1676,1679,1682,1685,1689,1692,1695,1698,1701,1704,1708,1711,1714,1717,1720,1724,1727,1730,1733,1736,1739,1743,1746,1749,1752,1755,1759,1762,1765,1768,1771,1774,1778,1781,1784,1787,1790,1794,1797,1800,1803,1806,1810,1813,1816,1819,1822,1826,1829,1832,1835,1838,1842,1845,1848,1851,1854,1858,1861,1864,1867,1870,1874,1877,1880,1883,1886,1890,1893,1896,1899,1902,1906,1909,1912,1915,1918,1922,1925,1928,1931,1934,1938,1941,1944,1947,1951,1954,1957,1960,1963,1967,1970,1973,1976,1979,1983,1986,1989,1992,1996,1999,2002,2005,2008,2012,2015,2018,2021,2024,2028,2031,2034,2037,2041,2044,2047
